# VR calibration matrix setting
# Auto-capture + One-shot YAML update (R_Adj, T_AD, T_BC, T_SA)
# saved_at: 2026.05.06 13:08

meta:
  t_sa_w_des_z: 1.570796326795
  note: "T_SA is right-multiplied in vive_tracker (M_cal = ... @ T_SA)"

T_AD:
  - [0.981703679951, -0.022298536615, -0.189104891624, 0.136723007467]
  - [-0.188987564174, 0.007275762095, -0.981952526283, -1.076558814564]
  - [0.023271986564, 0.999724881430, 0.002928496304, 1.400008285714]
  - [0.000000000000, 0.000000000000, 0.000000000000, 1.000000000000]

T_BC:
  - [0.993632194458, -0.112647278798, 0.002377544026, -0.001380958953]
  - [-0.112644293215, -0.993634453783, -0.001354792313, -0.245680482440]
  - [0.002515023327, 0.001078348493, -0.999996255904, 0.291384193679]
  - [0.000000000000, 0.000000000000, 0.000000000000, 1.000000000000]

R_Adj:
  - [0.999998866701, -0.000449483005, 0.001436858103]
  - [0.000448235174, 0.999999522267, 0.000868648716]
  - [-0.001437247859, -0.000868003682, 0.999998590443]

# constant offset: tune here if needed
T_CE:
  - [1.000000000000, 0.000000000000, 0.000000000000, 0.000000000000]
  - [0.000000000000, 1.000000000000, 0.000000000000, 0.000000000000]
  - [0.000000000000, 0.000000000000, 1.000000000000, 0.190000000000]
  - [0.000000000000, 0.000000000000, 0.000000000000, 1.000000000000]

# spatial-angle frame alignment (right-multiply)
T_SA:
  - [-0.999747926805, 0.021349505737, 0.006948485735, 0.000000000000]
  - [0.021253897885, 0.999682227378, -0.013554190820, 0.000000000000]
  - [-0.007235652971, -0.013403091766, -0.999883994500, 0.000000000000]
  - [0.000000000000, 0.000000000000, 0.000000000000, 1.000000000000]

