# VR calibration matrix setting
# Auto-capture + One-shot YAML update (R_Adj, T_AD, T_BC, T_SA)
# saved_at: 2026.04.19 12:56

meta:
  t_sa_w_des_z: 1.570796326795
  note: "T_SA is right-multiplied in vive_tracker (M_cal = ... @ T_SA)"

T_AD:
  - [0.977673935030, -0.009131663836, -0.209929248744, 0.149075387568]
  - [-0.209993722311, -0.006781406771, -0.977679215854, -1.072022367446]
  - [0.007504222310, 0.999935310527, -0.008547596723, 1.397302233912]
  - [0.000000000000, 0.000000000000, 0.000000000000, 1.000000000000]

T_BC:
  - [0.999140420624, -0.041299999943, 0.003567895865, -0.001885044591]
  - [-0.041295435751, -0.999146076261, -0.001343606219, -0.244549707427]
  - [0.003620340090, 0.001195113468, -0.999992732394, 0.292191560854]
  - [0.000000000000, 0.000000000000, 0.000000000000, 1.000000000000]

R_Adj:
  - [0.999999126166, 0.001296736019, 0.000257181059]
  - [-0.001296147456, 0.999996570748, -0.002275630263]
  - [-0.000260131069, 0.002275294930, 0.999997377679]

# constant offset: tune here if needed
T_CE:
  - [1.000000000000, 0.000000000000, 0.000000000000, 0.000000000000]
  - [0.000000000000, 1.000000000000, 0.000000000000, 0.000000000000]
  - [0.000000000000, 0.000000000000, 1.000000000000, 0.230000000000]
  - [0.000000000000, 0.000000000000, 0.000000000000, 1.000000000000]

# spatial-angle frame alignment (right-multiply)
T_SA:
  - [-0.999747926805, 0.021349505737, 0.006948485735, 0.000000000000]
  - [0.021253897885, 0.999682227378, -0.013554190820, 0.000000000000]
  - [-0.007235652971, -0.013403091766, -0.999883994500, 0.000000000000]
  - [0.000000000000, 0.000000000000, 0.000000000000, 1.000000000000]

