# VR calibration matrix setting
# Auto-capture + One-shot YAML update (R_Adj, T_AD, T_BC, T_SA)
# saved_at: 2026.05.11 16:47

meta:
  t_sa_w_des_z: 1.570796326795
  note: "T_SA is right-multiplied in vive_tracker (M_cal = ... @ T_SA)"

T_AD:
  - [0.980070700162, -0.015501843243, -0.198043216342, 0.135912339379]
  - [-0.198286435406, -0.016136071428, -0.980011283982, -1.074182624051]
  - [0.011996341816, 0.999749628685, -0.018888296061, 1.399660276684]
  - [0.000000000000, 0.000000000000, 0.000000000000, 1.000000000000]

T_BC:
  - [0.978477764494, -0.206346024951, 0.001606977854, -0.000825300048]
  - [-0.206344418804, -0.978478793130, -0.001110055314, -0.245742650735]
  - [0.001801449252, 0.000754573531, -0.999998092698, 0.291484377524]
  - [0.000000000000, 0.000000000000, 0.000000000000, 1.000000000000]

R_Adj:
  - [0.999999678517, 0.000768579862, 0.000228584844]
  - [-0.000767839538, 0.999994516592, -0.003221367471]
  - [-0.000231059469, 0.003221190919, 0.999994785257]

# constant offset: tune here if needed
T_CE:
  - [1.000000000000, 0.000000000000, 0.000000000000, 0.000000000000]
  - [0.000000000000, 1.000000000000, 0.000000000000, 0.000000000000]
  - [0.000000000000, 0.000000000000, 1.000000000000, 0.230000000000]
  - [0.000000000000, 0.000000000000, 0.000000000000, 1.000000000000]

# spatial-angle frame alignment (right-multiply)
T_SA:
  - [-0.999747926805, 0.021349505737, 0.006948485735, 0.000000000000]
  - [0.021253897885, 0.999682227378, -0.013554190820, 0.000000000000]
  - [-0.007235652971, -0.013403091766, -0.999883994500, 0.000000000000]
  - [0.000000000000, 0.000000000000, 0.000000000000, 1.000000000000]

