# VR calibration matrix setting
# Auto-capture + One-shot YAML update (R_Adj, T_AD, T_BC, T_SA)
# saved_at: 2026.04.23 15:03

meta:
  t_sa_w_des_z: 1.570796326795
  note: "T_SA is right-multiplied in vive_tracker (M_cal = ... @ T_SA)"

T_AD:
  - [0.979451899166, 0.010241313508, -0.201417707062, 0.137600635033]
  - [-0.201185367268, -0.020140026465, -0.979346122334, -1.071219540763]
  - [-0.014086348622, 0.999744714831, -0.017665784751, 1.405136610717]
  - [0.000000000000, 0.000000000000, 0.000000000000, 1.000000000000]

T_BC:
  - [0.996295425045, -0.085939186588, 0.003143603427, -0.002252784657]
  - [-0.085936588379, -0.996300153136, -0.000952700431, -0.245523688129]
  - [0.003213846876, 0.000679020528, -0.999994605045, 0.291970144844]
  - [0.000000000000, 0.000000000000, 0.000000000000, 1.000000000000]

R_Adj:
  - [0.999999284444, -0.000451358847, 0.001107875196]
  - [0.000452886511, 0.999998946557, -0.001379049994]
  - [-0.001107251583, 0.001379550749, 0.999998435416]

# constant offset: tune here if needed
T_CE:
  - [1.000000000000, 0.000000000000, 0.000000000000, 0.000000000000]
  - [0.000000000000, 1.000000000000, 0.000000000000, 0.000000000000]
  - [0.000000000000, 0.000000000000, 1.000000000000, 0.230000000000]
  - [0.000000000000, 0.000000000000, 0.000000000000, 1.000000000000]

# spatial-angle frame alignment (right-multiply)
T_SA:
  - [-0.999747926805, 0.021349505737, 0.006948485735, 0.000000000000]
  - [0.021253897885, 0.999682227378, -0.013554190820, 0.000000000000]
  - [-0.007235652971, -0.013403091766, -0.999883994500, 0.000000000000]
  - [0.000000000000, 0.000000000000, 0.000000000000, 1.000000000000]

